1 374 1 374 0 0 0 0 6 1909 6 1909 0 0 0 31 0 0 0 8274 0 0 0 31 0 0 0 8274
0 98 0 98 0 0 0 0 3 1073 3 1073 0 0 0 0 0 0 0 0 0 0 0 0 0 0 0 0
0 190 0 190 0 0 0 0 4 1290 4 1290 0 0 0 12 0 0 0 2639 0 0 0 12 0 0 0 2639
0 92 0 92 0 0 0 0 2 729 2 729 0 0 0 0 0 0 0 0 0 0 0 0 0 0 0 0
0 92 0 92 0 0 0 0 2 729 2 729 0 0 0 0 0 0 0 0 0 0 0 0 0 0 0 0
0 165 0 165 0 0 0 0 3 931 3 931 0 0 0 16 0 0 0 3773 0 0 0 16 0 0 0 3773
0 165 0 165 0 0 0 0 3 931 3 931 0 0 0 16 0 0 0 3773 0 0 0 16 0 0 0 3773
0 165 0 165 0 0 0 0 3 931 3 931 0 0 0 16 0 0 0 3773 0 0 0 16 0 0 0 3773
0 73 0 73 0 0 0 0 2 591 2 591 0 0 0 0 0 0 0 0 0 0 0 0 0 0 0 0
0 73 0 73 0 0 0 0 2 591 2 591 0 0 0 0 0 0 0 0 0 0 0 0 0 0 0 0
0 73 0 73 0 0 0 0 2 591 2 591 0 0 0 0 0 0 0 0 0 0 0 0 0 0 0 0
0 0 0 0 0 0 0 0 0 0 0 0 0 0 0 0 0 0 0 0 0 0 0 0 0 0 0 0
0 100 0 100 0 0 0 0 3 1096 3 1096 0 0 0 0 0 0 0 0 0 0 0 0 0 0 0 0
0 100 0 100 0 0 0 0 3 1096 3 1096 0 0 0 0 0 0 0 0 0 0 0 0 0 0 0 0
0 100 0 100 0 0 0 0 3 1096 3 1096 0 0 0 0 0 0 0 0 0 0 0 0 0 0 0 0
0 243 0 243 0 0 0 0 5 1901 5 1901 0 0 0 0 0 0 0 0 0 0 0 0 0 0 0 0
0 243 0 243 0 0 0 0 5 1901 5 1901 0 0 0 0 0 0 0 0 0 0 0 0 0 0 0 0
0 243 0 243 0 0 0 0 5 1901 5 1901 0 0 0 0 0 0 0 0 0 0 0 0 0 0 0 0
0 143 0 143 0 0 0 0 3 1562 3 1562 0 0 0 0 0 0 0 0 0 0 0 0 0 0 0 0
0 143 0 143 0 0 0 0 3 1562 3 1562 0 0 0 0 0 0 0 0 0 0 0 0 0 0 0 0
0 143 0 143 0 0 0 0 3 1562 3 1562 0 0 0 0 0 0 0 0 0 0 0 0 0 0 0 0
0 0 0 0 0 0 0 0 0 0 0 0 0 0 0 0 0 0 0 0 0 0 0 0 0 0 0 0
0 0 0 0 0 0 0 0 0 0 0 0 0 0 0 0 0 0 0 0 0 0 0 0 0 0 0 0
0 0 0 0 0 0 0 0 0 0 0 0 0 0 0 0 0 0 0 0 0 0 0 0 0 0 0 0
0 35 0 35 0 0 0 0 1 382 1 382 0 0 0 0 0 0 0 0 0 0 0 0 0 0 0 0
0 144 0 144 0 0 0 0 2 1246 2 1246 0 0 0 0 0 0 0 0 0 0 0 0 0 0 0 0
0 144 0 144 0 0 0 0 2 1246 2 1246 0 0 0 0 0 0 0 0 0 0 0 0 0 0 0 0
0 144 0 144 0 0 0 0 2 1246 2 1246 0 0 0 0 0 0 0 0 0 0 0 0 0 0 0 0
0 144 0 144 0 0 0 0 2 1246 2 1246 0 0 0 0 0 0 0 0 0 0 0 0 0 0 0 0
0 144 0 144 0 0 0 0 2 1246 2 1246 0 0 0 0 0 0 0 0 0 0 0 0 0 0 0 0
0 109 0 109 0 0 0 0 2 1189 2 1189 0 0 0 0 0 0 0 0 0 0 0 0 0 0 0 0
0 0 0 0 0 0 0 0 0 0 0 0 0 0 0 0 0 0 0 0 0 0 0 0 0 0 0 0
0 90 0 90 0 0 0 0 3 989 3 989 0 0 0 0 0 0 0 0 0 0 0 0 0 0 0 0
0 90 0 90 0 0 0 0 3 989 3 989 0 0 0 0 0 0 0 0 0 0 0 0 0 0 0 0
0 90 0 90 0 0 0 0 3 989 3 989 0 0 0 0 0 0 0 0 0 0 0 0 0 0 0 0
0 90 0 90 0 0 0 0 3 989 3 989 0 0 0 0 0 0 0 0 0 0 0 0 0 0 0 0
0 90 0 90 0 0 0 0 3 989 3 989 0 0 0 0 0 0 0 0 0 0 0 0 0 0 0 0
0 90 0 90 0 0 0 0 3 989 3 989 0 0 0 0 0 0 0 0 0 0 0 0 0 0 0 0
0 0 0 0 0 0 0 0 0 0 0 0 0 0 0 0 0 0 0 0 0 0 0 0 0 0 0 0
0 0 0 0 0 0 0 0 0 0 0 0 0 0 0 0 0 0 0 0 0 0 0 0 0 0 0 0
0 0 0 0 0 0 0 0 0 0 0 0 0 0 0 0 0 0 0 0 0 0 0 0 0 0 0 0
0 0 0 0 0 0 0 0 0 0 0 0 0 0 0 0 0 0 0 0 0 0 0 0 0 0 0 0
0 0 0 0 0 0 0 0 0 0 0 0 0 0 0 0 0 0 0 0 0 0 0 0 0 0 0 0
0 0 0 0 0 0 0 0 0 0 0 0 0 0 0 0 0 0 0 0 0 0 0 0 0 0 0 0
0 0 0 0 0 0 0 0 0 0 0 0 0 0 0 0 0 0 0 0 0 0 0 0 0 0 0 0
0 50 0 50 0 0 0 0 2 419 2 419 0 0 0 0 0 0 0 0 0 0 0 0 0 0 0 0
0 50 0 50 0 0 0 0 2 419 2 419 0 0 0 0 0 0 0 0 0 0 0 0 0 0 0 0
0 50 0 50 0 0 0 0 2 419 2 419 0 0 0 0 0 0 0 0 0 0 0 0 0 0 0 0
0 50 0 50 0 0 0 0 2 419 2 419 0 0 0 0 0 0 0 0 0 0 0 0 0 0 0 0
0 50 0 50 0 0 0 0 2 419 2 419 0 0 0 0 0 0 0 0 0 0 0 0 0 0 0 0
0 50 0 50 0 0 0 0 2 419 2 419 0 0 0 0 0 0 0 0 0 0 0 0 0 0 0 0
0 0 0 0 0 0 0 0 0 0 0 0 0 0 0 0 0 0 0 0 0 0 0 0 0 0 0 0
0 0 0 0 0 0 0 0 0 0 0 0 0 0 0 0 0 0 0 0 0 0 0 0 0 0 0 0
0 0 0 0 0 0 0 0 0 0 0 0 0 0 0 0 0 0 0 0 0 0 0 0 0 0 0 0
0 0 0 0 0 0 0 0 0 0 0 0 0 0 0 0 0 0 0 0 0 0 0 0 0 0 0 0
0 0 0 0 0 0 0 0 0 0 0 0 0 0 0 0 0 0 0 0 0 0 0 0 0 0 0 0
0 0 0 0 0 0 0 0 0 0 0 0 0 0 0 0 0 0 0 0 0 0 0 0 0 0 0 0
0 0 0 0 0 0 0 0 0 0 0 0 0 0 0 0 0 0 0 0 0 0 0 0 0 0 0 0
0 0 0 0 0 0 0 0 0 0 0 0 0 0 0 0 0 0 0 0 0 0 0 0 0 0 0 0
0 0 0 0 0 0 0 0 0 0 0 0 0 0 0 0 0 0 0 0 0 0 0 0 0 0 0 0
0 88 0 88 0 0 0 0 3 696 3 696 0 0 0 0 0 0 0 0 0 0 0 0 0 0 0 0
1 278 1 278 0 0 0 0 5 1781 5 1781 0 0 0 23 0 0 0 4921 0 0 0 23 0 0 0 4921
1 278 1 278 0 0 0 0 5 1781 5 1781 0 0 0 23 0 0 0 4921 0 0 0 23 0 0 0 4921
1 278 1 278 0 0 0 0 5 1781 5 1781 0 0 0 23 0 0 0 4921 0 0 0 23 0 0 0 4921
1 278 1 278 0 0 0 0 5 1781 5 1781 0 0 0 23 0 0 0 4921 0 0 0 23 0 0 0 4921
1 278 1 278 0 0 0 0 5 1781 5 1781 0 0 0 23 0 0 0 4921 0 0 0 23 0 0 0 4921
1 406 1 406 0 0 0 0 7 2394 7 2394 0 0 0 33 0 0 0 7439 0 0 0 33 0 0 0 7439
0 217 0 217 0 0 0 0 5 1759 5 1759 0 0 0 0 0 0 0 0 0 0 0 0 0 0 0 0
0 217 0 217 0 0 0 0 5 1759 5 1759 0 0 0 0 0 0 0 0 0 0 0 0 0 0 0 0
0 217 0 217 0 0 0 0 5 1759 5 1759 0 0 0 0 0 0 0 0 0 0 0 0 0 0 0 0
0 217 0 217 0 0 0 0 5 1759 5 1759 0 0 0 0 0 0 0 0 0 0 0 0 0 0 0 0
1 316 1 316 0 0 0 0 6 2057 6 2057 0 0 0 24 0 0 0 5415 0 0 0 24 0 0 0 5415
0 99 0 99 0 0 0 0 3 1087 3 1087 0 0 0 0 0 0 0 0 0 0 0 0 0 0 0 0
0 99 0 99 0 0 0 0 3 1087 3 1087 0 0 0 0 0 0 0 0 0 0 0 0 0 0 0 0
0 99 0 99 0 0 0 0 3 1087 3 1087 0 0 0 0 0 0 0 0 0 0 0 0 0 0 0 0
0 99 0 99 0 0 0 0 3 1087 3 1087 0 0 0 0 0 0 0 0 0 0 0 0 0 0 0 0
0 199 0 199 0 0 0 0 5 1531 5 1531 0 0 0 0 0 0 0 0 0 0 0 0 0 0 0 0
0 99 0 99 0 0 0 0 3 1087 3 1087 0 0 0 0 0 0 0 0 0 0 0 0 0 0 0 0
0 99 0 99 0 0 0 0 3 1087 3 1087 0 0 0 0 0 0 0 0 0 0 0 0 0 0 0 0
0 99 0 99 0 0 0 0 3 1087 3 1087 0 0 0 0 0 0 0 0 0 0 0 0 0 0 0 0
0 99 0 99 0 0 0 0 3 1087 3 1087 0 0 0 0 0 0 0 0 0 0 0 0 0 0 0 0
0 99 0 99 0 0 0 0 3 1087 3 1087 0 0 0 0 0 0 0 0 0 0 0 0 0 0 0 0
0 0 0 0 0 0 0 0 0 0 0 0 0 0 0 0 0 0 0 0 0 0 0 0 0 0 0 0
0 90 0 90 0 0 0 0 3 989 3 989 0 0 0 0 0 0 0 0 0 0 0 0 0 0 0 0
0 90 0 90 0 0 0 0 3 989 3 989 0 0 0 0 0 0 0 0 0 0 0 0 0 0 0 0
0 90 0 90 0 0 0 0 3 989 3 989 0 0 0 0 0 0 0 0 0 0 0 0 0 0 0 0
0 90 0 90 0 0 0 0 3 989 3 989 0 0 0 0 0 0 0 0 0 0 0 0 0 0 0 0
0 90 0 90 0 0 0 0 3 989 3 989 0 0 0 0 0 0 0 0 0 0 0 0 0 0 0 0
0 90 0 90 0 0 0 0 3 989 3 989 0 0 0 0 0 0 0 0 0 0 0 0 0 0 0 0
0 0 0 0 0 0 0 0 0 0 0 0 0 0 0 0 0 0 0 0 0 0 0 0 0 0 0 0
0 0 0 0 0 0 0 0 0 0 0 0 0 0 0 0 0 0 0 0 0 0 0 0 0 0 0 0
0 0 0 0 0 0 0 0 0 0 0 0 0 0 0 0 0 0 0 0 0 0 0 0 0 0 0 0
0 0 0 0 0 0 0 0 0 0 0 0 0 0 0 0 0 0 0 0 0 0 0 0 0 0 0 0
0 90 0 90 0 0 0 0 2 701 2 701 0 0 0 0 0 0 0 0 0 0 0 0 0 0 0 0
0 90 0 90 0 0 0 0 2 701 2 701 0 0 0 0 0 0 0 0 0 0 0 0 0 0 0 0
0 90 0 90 0 0 0 0 2 701 2 701 0 0 0 0 0 0 0 0 0 0 0 0 0 0 0 0
0 90 0 90 0 0 0 0 2 701 2 701 0 0 0 0 0 0 0 0 0 0 0 0 0 0 0 0
0 90 0 90 0 0 0 0 2 701 2 701 0 0 0 0 0 0 0 0 0 0 0 0 0 0 0 0
0 234 0 234 0 0 0 0 3 1433 3 1433 0 0 0 18 0 0 0 4509 0 0 0 18 0 0 0 4509
0 144 0 144 0 0 0 0 3 1260 3 1260 0 0 0 0 0 0 0 0 0 0 0 0 0 0 0 0
0 144 0 144 0 0 0 0 3 1260 3 1260 0 0 0 0 0 0 0 0 0 0 0 0 0 0 0 0
0 144 0 144 0 0 0 0 3 1260 3 1260 0 0 0 0 0 0 0 0 0 0 0 0 0 0 0 0
0 144 0 144 0 0 0 0 3 1260 3 1260 0 0 0 0 0 0 0 0 0 0 0 0 0 0 0 0
0 194 0 194 0 0 0 0 3 1359 3 1359 0 0 0 12 0 0 0 2578 0 0 0 12 0 0 0 2578
0 50 0 50 0 0 0 0 2 523 2 523 0 0 0 0 0 0 0 0 0 0 0 0 0 0 0 0
0 50 0 50 0 0 0 0 2 523 2 523 0 0 0 0 0 0 0 0 0 0 0 0 0 0 0 0
0 50 0 50 0 0 0 0 2 523 2 523 0 0 0 0 0 0 0 0 0 0 0 0 0 0 0 0
0 50 0 50 0 0 0 0 2 523 2 523 0 0 0 0 0 0 0 0 0 0 0 0 0 0 0 0
0 50 0 50 0 0 0 0 2 523 2 523 0 0 0 0 0 0 0 0 0 0 0 0 0 0 0 0
0 0 0 0 0 0 0 0 0 0 0 0 0 0 0 0 0 0 0 0 0 0 0 0 0 0 0 0
0 0 0 0 0 0 0 0 0 0 0 0 0 0 0 0 0 0 0 0 0 0 0 0 0 0 0 0
0 0 0 0 0 0 0 0 0 0 0 0 0 0 0 0 0 0 0 0 0 0 0 0 0 0 0 0
0 0 0 0 0 0 0 0 0 0 0 0 0 0 0 0 0 0 0 0 0 0 0 0 0 0 0 0
0 0 0 0 0 0 0 0 0 0 0 0 0 0 0 0 0 0 0 0 0 0 0 0 0 0 0 0
0 0 0 0 0 0 0 0 0 0 0 0 0 0 0 0 0 0 0 0 0 0 0 0 0 0 0 0
0 0 0 0 0 0 0 0 0 0 0 0 0 0 0 0 0 0 0 0 0 0 0 0 0 0 0 0
1 273 1 273 0 0 0 0 5 1617 5 1617 0 0 0 27 0 0 0 5567 0 0 0 27 0 0 0 5567
1 273 1 273 0 0 0 0 5 1617 5 1617 0 0 0 27 0 0 0 5567 0 0 0 27 0 0 0 5567
1 273 1 273 0 0 0 0 5 1617 5 1617 0 0 0 27 0 0 0 5567 0 0 0 27 0 0 0 5567
1 382 1 382 0 0 0 0 6 1816 6 1816 0 0 0 28 0 0 210 7516 0 0 0 28 0 0 210 7516
1 382 1 382 0 0 0 0 6 1816 6 1816 0 0 0 28 0 0 210 7516 0 0 0 28 0 0 210 7516
1 455 1 455 0 0 0 0 7 1968 7 1968 0 0 19 33 0 0 4237 8232 0 0 19 33 0 0 4237 8232
0 181 0 181 0 0 0 0 4 1165 4 1165 0 0 0 13 0 0 0 2999 0 0 0 13 0 0 0 2999
0 181 0 181 0 0 0 0 4 1165 4 1165 0 0 0 13 0 0 0 2999 0 0 0 13 0 0 0 2999
0 181 0 181 0 0 0 0 4 1165 4 1165 0 0 0 13 0 0 0 2999 0 0 0 13 0 0 0 2999
0 72 0 72 0 0 0 0 3 793 3 793 0 0 0 0 0 0 0 0 0 0 0 0 0 0 0 0
0 72 0 72 0 0 0 0 3 793 3 793 0 0 0 0 0 0 0 0 0 0 0 0 0 0 0 0
0 0 0 0 0 0 0 0 0 0 0 0 0 0 0 0 0 0 0 0 0 0 0 0 0 0 0 0
0 0 0 0 0 0 0 0 0 0 0 0 0 0 0 0 0 0 0 0 0 0 0 0 0 0 0 0
0 144 0 144 0 0 0 0 3 1176 3 1176 0 0 0 0 0 0 0 0 0 0 0 0 0 0 0 0
0 216 0 216 0 0 0 0 4 1411 4 1411 0 0 0 11 0 0 0 3443 0 0 0 11 0 0 0 3443
0 216 0 216 0 0 0 0 4 1411 4 1411 0 0 0 11 0 0 0 3443 0 0 0 11 0 0 0 3443
0 216 0 216 0 0 0 0 4 1411 4 1411 0 0 0 11 0 0 0 3443 0 0 0 11 0 0 0 3443
0 216 0 216 0 0 0 0 4 1411 4 1411 0 0 0 11 0 0 0 3443 0 0 0 11 0 0 0 3443
0 216 0 216 0 0 0 0 4 1411 4 1411 0 0 0 11 0 0 0 3443 0 0 0 11 0 0 0 3443
0 72 0 72 0 0 0 0 3 793 3 793 0 0 0 0 0 0 0 0 0 0 0 0 0 0 0 0
0 0 0 0 0 0 0 0 0 0 0 0 0 0 0 0 0 0 0 0 0 0 0 0 0 0 0 0
0 0 0 0 0 0 0 0 0 0 0 0 0 0 0 0 0 0 0 0 0 0 0 0 0 0 0 0
0 163 0 163 0 0 0 0 4 1238 4 1238 0 0 0 3 0 0 0 186 0 0 0 3 0 0 0 186
0 163 0 163 0 0 0 0 4 1238 4 1238 0 0 0 3 0 0 0 186 0 0 0 3 0 0 0 186
0 163 0 163 0 0 0 0 4 1238 4 1238 0 0 0 3 0 0 0 186 0 0 0 3 0 0 0 186
0 163 0 163 0 0 0 0 4 1238 4 1238 0 0 0 3 0 0 0 186 0 0 0 3 0 0 0 186
0 163 0 163 0 0 0 0 4 1238 4 1238 0 0 0 3 0 0 0 186 0 0 0 3 0 0 0 186
0 163 0 163 0 0 0 0 4 1238 4 1238 0 0 0 3 0 0 0 186 0 0 0 3 0 0 0 186
0 0 0 0 0 0 0 0 0 0 0 0 0 0 0 0 0 0 0 0 0 0 0 0 0 0 0 0
0 0 0 0 0 0 0 0 0 0 0 0 0 0 0 0 0 0 0 0 0 0 0 0 0 0 0 0
0 0 0 0 0 0 0 0 0 0 0 0 0 0 0 0 0 0 0 0 0 0 0 0 0 0 0 0
0 143 0 143 0 0 0 0 4 1567 4 1567 0 0 0 0 0 0 0 0 0 0 0 0 0 0 0 0
1 288 1 288 0 0 0 0 6 1912 6 1912 0 0 0 23 0 0 0 5382 0 0 0 23 0 0 0 5382
1 288 1 288 0 0 0 0 6 1912 6 1912 0 0 0 23 0 0 0 5382 0 0 0 23 0 0 0 5382
1 288 1 288 0 0 0 0 6 1912 6 1912 0 0 0 23 0 0 0 5382 0 0 0 23 0 0 0 5382
1 288 1 288 0 0 0 0 6 1912 6 1912 0 0 0 23 0 0 0 5382 0 0 0 23 0 0 0 5382
1 288 1 288 0 0 0 0 6 1912 6 1912 0 0 0 23 0 0 0 5382 0 0 0 23 0 0 0 5382
0 145 0 145 0 0 0 0 4 1114 4 1114 0 0 0 0 0 0 0 0 0 0 0 0 0 0 0 0
0 0 0 0 0 0 0 0 0 0 0 0 0 0 0 0 0 0 0 0 0 0 0 0 0 0 0 0
0 0 0 0 0 0 0 0 0 0 0 0 0 0 0 0 0 0 0 0 0 0 0 0 0 0 0 0
0 0 0 0 0 0 0 0 0 0 0 0 0 0 0 0 0 0 0 0 0 0 0 0 0 0 0 0
0 83 0 83 0 0 0 0 3 915 3 915 0 0 0 0 0 0 0 0 0 0 0 0 0 0 0 0
0 83 0 83 0 0 0 0 3 915 3 915 0 0 0 0 0 0 0 0 0 0 0 0 0 0 0 0
0 83 0 83 0 0 0 0 3 915 3 915 0 0 0 0 0 0 0 0 0 0 0 0 0 0 0 0
0 83 0 83 0 0 0 0 3 915 3 915 0 0 0 0 0 0 0 0 0 0 0 0 0 0 0 0
0 83 0 83 0 0 0 0 3 915 3 915 0 0 0 0 0 0 0 0 0 0 0 0 0 0 0 0
0 134 0 134 0 0 0 0 5 1066 5 1066 0 0 0 0 0 0 0 0 0 0 0 0 0 0 0 0
0 50 0 50 0 0 0 0 3 555 3 555 0 0 0 0 0 0 0 0 0 0 0 0 0 0 0 0
0 50 0 50 0 0 0 0 3 555 3 555 0 0 0 0 0 0 0 0 0 0 0 0 0 0 0 0
0 50 0 50 0 0 0 0 3 555 3 555 0 0 0 0 0 0 0 0 0 0 0 0 0 0 0 0
0 50 0 50 0 0 0 0 3 555 3 555 0 0 0 0 0 0 0 0 0 0 0 0 0 0 0 0
0 50 0 50 0 0 0 0 3 555 3 555 0 0 0 0 0 0 0 0 0 0 0 0 0 0 0 0
0 0 0 0 0 0 0 0 0 0 0 0 0 0 0 0 0 0 0 0 0 0 0 0 0 0 0 0
0 0 0 0 0 0 0 0 0 0 0 0 0 0 0 0 0 0 0 0 0 0 0 0 0 0 0 0
0 53 0 53 0 0 0 0 2 411 2 411 0 0 0 0 0 0 0 0 0 0 0 0 0 0 0 0
1 229 1 229 0 0 0 0 5 1197 5 1197 0 0 0 20 0 0 0 4325 0 0 0 20 0 0 0 4325
1 229 1 229 0 0 0 0 5 1197 5 1197 0 0 0 20 0 0 0 4325 0 0 0 20 0 0 0 4325
1 229 1 229 0 0 0 0 5 1197 5 1197 0 0 0 20 0 0 0 4325 0 0 0 20 0 0 0 4325
1 229 1 229 0 0 0 0 5 1197 5 1197 0 0 0 20 0 0 0 4325 0 0 0 20 0 0 0 4325
1 301 1 301 0 0 0 0 6 1419 6 1419 0 0 0 28 0 0 145 6562 0 0 0 28 0 0 145 6562
1 248 1 248 0 0 0 0 6 1368 6 1368 0 0 0 28 0 0 0 6562 0 0 0 28 0 0 0 6562
0 71 0 71 0 0 0 0 3 783 3 783 0 0 0 0 0 0 0 0 0 0 0 0 0 0 0 0
0 71 0 71 0 0 0 0 3 783 3 783 0 0 0 0 0 0 0 0 0 0 0 0 0 0 0 0
0 71 0 71 0 0 0 0 3 783 3 783 0 0 0 0 0 0 0 0 0 0 0 0 0 0 0 0
0 71 0 71 0 0 0 0 3 783 3 783 0 0 0 0 0 0 0 0 0 0 0 0 0 0 0 0
0 0 0 0 0 0 0 0 0 0 0 0 0 0 0 0 0 0 0 0 0 0 0 0 0 0 0 0
0 82 0 82 0 0 0 0 3 869 3 869 0 0 0 0 0 0 0 0 0 0 0 0 0 0 0 0
0 82 0 82 0 0 0 0 3 869 3 869 0 0 0 0 0 0 0 0 0 0 0 0 0 0 0 0
0 82 0 82 0 0 0 0 3 869 3 869 0 0 0 0 0 0 0 0 0 0 0 0 0 0 0 0
0 82 0 82 0 0 0 0 3 869 3 869 0 0 0 0 0 0 0 0 0 0 0 0 0 0 0 0
0 82 0 82 0 0 0 0 3 869 3 869 0 0 0 0 0 0 0 0 0 0 0 0 0 0 0 0
0 82 0 82 0 0 0 0 3 869 3 869 0 0 0 0 0 0 0 0 0 0 0 0 0 0 0 0
0 0 0 0 0 0 0 0 0 0 0 0 0 0 0 0 0 0 0 0 0 0 0 0 0 0 0 0
0 0 0 0 0 0 0 0 0 0 0 0 0 0 0 0 0 0 0 0 0 0 0 0 0 0 0 0
0 0 0 0 0 0 0 0 0 0 0 0 0 0 0 0 0 0 0 0 0 0 0 0 0 0 0 0
0 90 0 90 0 0 0 0 3 989 3 989 0 0 0 0 0 0 0 0 0 0 0 0 0 0 0 0
0 90 0 90 0 0 0 0 3 989 3 989 0 0 0 0 0 0 0 0 0 0 0 0 0 0 0 0
0 90 0 90 0 0 0 0 3 989 3 989 0 0 0 0 0 0 0 0 0 0 0 0 0 0 0 0
0 90 0 90 0 0 0 0 3 989 3 989 0 0 0 0 0 0 0 0 0 0 0 0 0 0 0 0
0 90 0 90 0 0 0 0 3 989 3 989 0 0 0 0 0 0 0 0 0 0 0 0 0 0 0 0
0 90 0 90 0 0 0 0 3 989 3 989 0 0 0 0 0 0 0 0 0 0 0 0 0 0 0 0
0 117 0 117 0 0 0 0 3 1009 3 1009 0 0 0 0 0 0 0 0 0 0 0 0 0 0 0 0
0 117 0 117 0 0 0 0 3 1009 3 1009 0 0 0 0 0 0 0 0 0 0 0 0 0 0 0 0
0 117 0 117 0 0 0 0 3 1009 3 1009 0 0 0 0 0 0 0 0 0 0 0 0 0 0 0 0
0 117 0 117 0 0 0 0 3 1009 3 1009 0 0 0 0 0 0 0 0 0 0 0 0 0 0 0 0
0 117 0 117 0 0 0 0 3 1009 3 1009 0 0 0 0 0 0 0 0 0 0 0 0 0 0 0 0
0 261 0 261 0 0 0 0 4 1628 4 1628 0 0 0 12 0 0 0 3490 0 0 0 12 0 0 0 3490
0 144 0 144 0 0 0 0 3 1291 3 1291 0 0 0 0 0 0 0 0 0 0 0 0 0 0 0 0
0 144 0 144 0 0 0 0 3 1291 3 1291 0 0 0 0 0 0 0 0 0 0 0 0 0 0 0 0
0 144 0 144 0 0 0 0 3 1291 3 1291 0 0 0 0 0 0 0 0 0 0 0 0 0 0 0 0
0 144 0 144 0 0 0 0 3 1291 3 1291 0 0 0 0 0 0 0 0 0 0 0 0 0 0 0 0
0 144 0 144 0 0 0 0 3 1291 3 1291 0 0 0 0 0 0 0 0 0 0 0 0 0 0 0 0
0 0 0 0 0 0 0 0 0 0 0 0 0 0 0 0 0 0 0 0 0 0 0 0 0 0 0 0
0 0 0 0 0 0 0 0 0 0 0 0 0 0 0 0 0 0 0 0 0 0 0 0 0 0 0 0
0 72 0 72 0 0 0 0 2 570 2 570 0 0 0 0 0 0 0 0 0 0 0 0 0 0 0 0
0 72 0 72 0 0 0 0 2 570 2 570 0 0 0 0 0 0 0 0 0 0 0 0 0 0 0 0
0 72 0 72 0 0 0 0 2 570 2 570 0 0 0 0 0 0 0 0 0 0 0 0 0 0 0 0
0 72 0 72 0 0 0 0 2 570 2 570 0 0 0 0 0 0 0 0 0 0 0 0 0 0 0 0
0 72 0 72 0 0 0 0 2 570 2 570 0 0 0 0 0 0 0 0 0 0 0 0 0 0 0 0
0 72 0 72 0 0 0 0 2 570 2 570 0 0 0 0 0 0 0 0 0 0 0 0 0 0 0 0
0 144 0 144 0 0 0 0 4 1576 4 1576 0 0 0 0 0 0 0 0 0 0 0 0 0 0 0 0
0 144 0 144 0 0 0 0 4 1576 4 1576 0 0 0 0 0 0 0 0 0 0 0 0 0 0 0 0
0 144 0 144 0 0 0 0 4 1576 4 1576 0 0 0 0 0 0 0 0 0 0 0 0 0 0 0 0
0 144 0 144 0 0 0 0 4 1576 4 1576 0 0 0 0 0 0 0 0 0 0 0 0 0 0 0 0
0 144 0 144 0 0 0 0 4 1576 4 1576 0 0 0 0 0 0 0 0 0 0 0 0 0 0 0 0
0 144 0 144 0 0 0 0 4 1576 4 1576 0 0 0 0 0 0 0 0 0 0 0 0 0 0 0 0
0 0 0 0 0 0 0 0 0 0 0 0 0 0 0 0 0 0 0 0 0 0 0 0 0 0 0 0
0 0 0 0 0 0 0 0 0 0 0 0 0 0 0 0 0 0 0 0 0 0 0 0 0 0 0 0
0 0 0 0 0 0 0 0 0 0 0 0 0 0 0 0 0 0 0 0 0 0 0 0 0 0 0 0
0 0 0 0 0 0 0 0 0 0 0 0 0 0 0 0 0 0 0 0 0 0 0 0 0 0 0 0
0 0 0 0 0 0 0 0 0 0 0 0 0 0 0 0 0 0 0 0 0 0 0 0 0 0 0 0
0 72 0 72 0 0 0 0 3 793 3 793 0 0 0 0 0 0 0 0 0 0 0 0 0 0 0 0
0 72 0 72 0 0 0 0 3 793 3 793 0 0 0 0 0 0 0 0 0 0 0 0 0 0 0 0
0 72 0 72 0 0 0 0 3 793 3 793 0 0 0 0 0 0 0 0 0 0 0 0 0 0 0 0
0 72 0 72 0 0 0 0 3 793 3 793 0 0 0 0 0 0 0 0 0 0 0 0 0 0 0 0
0 72 0 72 0 0 0 0 3 793 3 793 0 0 0 0 0 0 0 0 0 0 0 0 0 0 0 0
0 72 0 72 0 0 0 0 3 793 3 793 0 0 0 0 0 0 0 0 0 0 0 0 0 0 0 0
0 0 0 0 0 0 0 0 0 0 0 0 0 0 0 0 0 0 0 0 0 0 0 0 0 0 0 0
0 0 0 0 0 0 0 0 0 0 0 0 0 0 0 0 0 0 0 0 0 0 0 0 0 0 0 0
0 110 0 110 0 0 0 0 2 900 2 900 0 0 0 0 0 0 0 0 0 0 0 0 0 0 0 0
0 110 0 110 0 0 0 0 2 900 2 900 0 0 0 0 0 0 0 0 0 0 0 0 0 0 0 0
0 110 0 110 0 0 0 0 2 900 2 900 0 0 0 0 0 0 0 0 0 0 0 0 0 0 0 0
0 110 0 110 0 0 0 0 2 900 2 900 0 0 0 0 0 0 0 0 0 0 0 0 0 0 0 0
0 110 0 110 0 0 0 0 2 900 2 900 0 0 0 0 0 0 0 0 0 0 0 0 0 0 0 0
0 110 0 110 0 0 0 0 2 900 2 900 0 0 0 0 0 0 0 0 0 0 0 0 0 0 0 0
0 0 0 0 0 0 0 0 0 0 0 0 0 0 0 0 0 0 0 0 0 0 0 0 0 0 0 0
0 0 0 0 0 0 0 0 0 0 0 0 0 0 0 0 0 0 0 0 0 0 0 0 0 0 0 0
0 0 0 0 0 0 0 0 0 0 0 0 0 0 0 0 0 0 0 0 0 0 0 0 0 0 0 0
0 72 0 72 0 0 0 0 3 793 3 793 0 0 0 0 0 0 0 0 0 0 0 0 0 0 0 0
0 72 0 72 0 0 0 0 3 793 3 793 0 0 0 0 0 0 0 0 0 0 0 0 0 0 0 0
0 72 0 72 0 0 0 0 3 793 3 793 0 0 0 0 0 0 0 0 0 0 0 0 0 0 0 0
0 72 0 72 0 0 0 0 3 793 3 793 0 0 0 0 0 0 0 0 0 0 0 0 0 0 0 0
0 72 0 72 0 0 0 0 3 793 3 793 0 0 0 0 0 0 0 0 0 0 0 0 0 0 0 0
0 72 0 72 0 0 0 0 3 793 3 793 0 0 0 0 0 0 0 0 0 0 0 0 0 0 0 0
0 50 0 50 0 0 0 0 2 550 2 550 0 0 0 0 0 0 0 0 0 0 0 0 0 0 0 0
0 50 0 50 0 0 0 0 2 550 2 550 0 0 0 0 0 0 0 0 0 0 0 0 0 0 0 0
0 50 0 50 0 0 0 0 2 550 2 550 0 0 0 0 0 0 0 0 0 0 0 0 0 0 0 0
0 50 0 50 0 0 0 0 2 550 2 550 0 0 0 0 0 0 0 0 0 0 0 0 0 0 0 0
0 50 0 50 0 0 0 0 2 550 2 550 0 0 0 0 0 0 0 0 0 0 0 0 0 0 0 0
0 50 0 50 0 0 0 0 2 550 2 550 0 0 0 0 0 0 0 0 0 0 0 0 0 0 0 0
0 0 0 0 0 0 0 0 0 0 0 0 0 0 0 0 0 0 0 0 0 0 0 0 0 0 0 0
0 0 0 0 0 0 0 0 0 0 0 0 0 0 0 0 0 0 0 0 0 0 0 0 0 0 0 0
0 0 0 0 0 0 0 0 0 0 0 0 0 0 0 0 0 0 0 0 0 0 0 0 0 0 0 0
0 0 0 0 0 0 0 0 0 0 0 0 0 0 0 0 0 0 0 0 0 0 0 0 0 0 0 0
0 0 0 0 0 0 0 0 0 0 0 0 0 0 0 0 0 0 0 0 0 0 0 0 0 0 0 0
0 0 0 0 0 0 0 0 0 0 0 0 0 0 0 0 0 0 0 0 0 0 0 0 0 0 0 0
0 0 0 0 0 0 0 0 0 0 0 0 0 0 0 0 0 0 0 0 0 0 0 0 0 0 0 0
0 0 0 0 0 0 0 0 0 0 0 0 0 0 0 0 0 0 0 0 0 0 0 0 0 0 0 0
0 0 0 0 0 0 0 0 0 0 0 0 0 0 0 0 0 0 0 0 0 0 0 0 0 0 0 0
0 0 0 0 0 0 0 0 0 0 0 0 0 0 0 0 0 0 0 0 0 0 0 0 0 0 0 0
0 0 0 0 0 0 0 0 0 0 0 0 0 0 0 0 0 0 0 0 0 0 0 0 0 0 0 0
0 0 0 0 0 0 0 0 0 0 0 0 0 0 0 0 0 0 0 0 0 0 0 0 0 0 0 0
0 0 0 0 0 0 0 0 0 0 0 0 0 0 0 0 0 0 0 0 0 0 0 0 0 0 0 0
0 0 0 0 0 0 0 0 0 0 0 0 0 0 0 0 0 0 0 0 0 0 0 0 0 0 0 0
0 0 0 0 0 0 0 0 0 0 0 0 0 0 0 0 0 0 0 0 0 0 0 0 0 0 0 0
0 0 0 0 0 0 0 0 0 0 0 0 0 0 0 0 0 0 0 0 0 0 0 0 0 0 0 0
0 0 0 0 0 0 0 0 0 0 0 0 0 0 0 0 0 0 0 0 0 0 0 0 0 0 0 0
0 0 0 0 0 0 0 0 0 0 0 0 0 0 0 0 0 0 0 0 0 0 0 0 0 0 0 0
0 0 0 0 0 0 0 0 0 0 0 0 0 0 0 0 0 0 0 0 0 0 0 0 0 0 0 0
0 53 0 53 0 0 0 0 2 421 2 421 0 0 0 0 0 0 0 0 0 0 0 0 0 0 0 0
1 275 1 275 0 0 0 0 4 1461 4 1461 0 0 0 17 0 0 121 3974 0 0 0 17 0 0 121 3974
1 275 1 275 0 0 0 0 4 1461 4 1461 0 0 0 17 0 0 121 3974 0 0 0 17 0 0 121 3974
1 275 1 275 0 0 0 0 4 1461 4 1461 0 0 0 17 0 0 121 3974 0 0 0 17 0 0 121 3974
1 275 1 275 0 0 0 0 4 1461 4 1461 0 0 0 17 0 0 121 3974 0 0 0 17 0 0 121 3974
1 275 1 275 0 0 0 0 4 1461 4 1461 0 0 0 17 0 0 121 3974 0 0 0 17 0 0 121 3974
0 221 0 221 0 0 0 0 4 1407 4 1407 0 0 0 14 0 0 0 3565 0 0 0 14 0 0 0 3565
0 72 0 72 0 0 0 0 2 570 2 570 0 0 0 0 0 0 0 0 0 0 0 0 0 0 0 0
0 72 0 72 0 0 0 0 2 570 2 570 0 0 0 0 0 0 0 0 0 0 0 0 0 0 0 0
0 72 0 72 0 0 0 0 2 570 2 570 0 0 0 0 0 0 0 0 0 0 0 0 0 0 0 0
0 72 0 72 0 0 0 0 2 570 2 570 0 0 0 0 0 0 0 0 0 0 0 0 0 0 0 0
0 72 0 72 0 0 0 0 2 570 2 570 0 0 0 0 0 0 0 0 0 0 0 0 0 0 0 0
0 72 0 72 0 0 0 0 2 570 2 570 0 0 0 0 0 0 0 0 0 0 0 0 0 0 0 0
0 0 0 0 0 0 0 0 0 0 0 0 0 0 0 0 0 0 0 0 0 0 0 0 0 0 0 0
0 0 0 0 0 0 0 0 0 0 0 0 0 0 0 0 0 0 0 0 0 0 0 0 0 0 0 0
0 0 0 0 0 0 0 0 0 0 0 0 0 0 0 0 0 0 0 0 0 0 0 0 0 0 0 0
0 0 0 0 0 0 0 0 0 0 0 0 0 0 0 0 0 0 0 0 0 0 0 0 0 0 0 0
0 0 0 0 0 0 0 0 0 0 0 0 0 0 0 0 0 0 0 0 0 0 0 0 0 0 0 0
0 0 0 0 0 0 0 0 0 0 0 0 0 0 0 0 0 0 0 0 0 0 0 0 0 0 0 0
0 0 0 0 0 0 0 0 0 0 0 0 0 0 0 0 0 0 0 0 0 0 0 0 0 0 0 0
0 0 0 0 0 0 0 0 0 0 0 0 0 0 0 0 0 0 0 0 0 0 0 0 0 0 0 0
0 0 0 0 0 0 0 0 0 0 0 0 0 0 0 0 0 0 0 0 0 0 0 0 0 0 0 0
0 0 0 0 0 0 0 0 0 0 0 0 0 0 0 0 0 0 0 0 0 0 0 0 0 0 0 0
0 91 0 91 0 0 0 0 3 994 3 994 0 0 0 0 0 0 0 0 0 0 0 0 0 0 0 0
0 91 0 91 0 0 0 0 3 994 3 994 0 0 0 0 0 0 0 0 0 0 0 0 0 0 0 0
0 91 0 91 0 0 0 0 3 994 3 994 0 0 0 0 0 0 0 0 0 0 0 0 0 0 0 0
0 91 0 91 0 0 0 0 3 994 3 994 0 0 0 0 0 0 0 0 0 0 0 0 0 0 0 0
0 91 0 91 0 0 0 0 3 994 3 994 0 0 0 0 0 0 0 0 0 0 0 0 0 0 0 0
0 91 0 91 0 0 0 0 3 994 3 994 0 0 0 0 0 0 0 0 0 0 0 0 0 0 0 0
0 0 0 0 0 0 0 0 0 0 0 0 0 0 0 0 0 0 0 0 0 0 0 0 0 0 0 0
0 0 0 0 0 0 0 0 0 0 0 0 0 0 0 0 0 0 0 0 0 0 0 0 0 0 0 0
0 0 0 0 0 0 0 0 0 0 0 0 0 0 0 0 0 0 0 0 0 0 0 0 0 0 0 0
0 99 0 99 0 0 0 0 3 1087 3 1087 0 0 0 0 0 0 0 0 0 0 0 0 0 0 0 0
0 99 0 99 0 0 0 0 3 1087 3 1087 0 0 0 0 0 0 0 0 0 0 0 0 0 0 0 0
0 128 0 128 0 0 0 0 3 1130 3 1130 0 0 0 0 0 0 0 0 0 0 0 0 0 0 0 0
1 390 1 390 0 0 0 0 6 2305 6 2305 0 0 0 28 0 0 0 8742 0 0 0 28 0 0 0 8742
1 390 1 390 0 0 0 0 6 2305 6 2305 0 0 0 28 0 0 0 8742 0 0 0 28 0 0 0 8742
1 390 1 390 0 0 0 0 6 2305 6 2305 0 0 0 28 0 0 0 8742 0 0 0 28 0 0 0 8742
0 291 0 291 0 0 0 0 5 2047 5 2047 0 0 0 7 0 0 0 2163 0 0 0 7 0 0 0 2163
0 291 0 291 0 0 0 0 5 2047 5 2047 0 0 0 7 0 0 0 2163 0 0 0 7 0 0 0 2163
0 262 0 262 0 0 0 0 5 2026 5 2026 0 0 0 0 0 0 0 0 0 0 0 0 0 0 0 0
0 90 0 90 0 0 0 0 3 989 3 989 0 0 0 0 0 0 0 0 0 0 0 0 0 0 0 0
0 90 0 90 0 0 0 0 3 989 3 989 0 0 0 0 0 0 0 0 0 0 0 0 0 0 0 0
0 90 0 90 0 0 0 0 3 989 3 989 0 0 0 0 0 0 0 0 0 0 0 0 0 0 0 0
0 90 0 90 0 0 0 0 3 989 3 989 0 0 0 0 0 0 0 0 0 0 0 0 0 0 0 0
0 90 0 90 0 0 0 0 3 989 3 989 0 0 0 0 0 0 0 0 0 0 0 0 0 0 0 0
0 90 0 90 0 0 0 0 3 989 3 989 0 0 0 0 0 0 0 0 0 0 0 0 0 0 0 0
0 0 0 0 0 0 0 0 0 0 0 0 0 0 0 0 0 0 0 0 0 0 0 0 0 0 0 0
0 99 0 99 0 0 0 0 3 1087 3 1087 0 0 0 0 0 0 0 0 0 0 0 0 0 0 0 0
0 99 0 99 0 0 0 0 3 1087 3 1087 0 0 0 0 0 0 0 0 0 0 0 0 0 0 0 0
0 150 0 150 0 0 0 0 4 1214 4 1214 0 0 0 0 0 0 0 0 0 0 0 0 0 0 0 0
0 150 0 150 0 0 0 0 4 1214 4 1214 0 0 0 0 0 0 0 0 0 0 0 0 0 0 0 0
0 150 0 150 0 0 0 0 4 1214 4 1214 0 0 0 0 0 0 0 0 0 0 0 0 0 0 0 0
0 150 0 150 0 0 0 0 4 1214 4 1214 0 0 0 0 0 0 0 0 0 0 0 0 0 0 0 0
0 50 0 50 0 0 0 0 2 550 2 550 0 0 0 0 0 0 0 0 0 0 0 0 0 0 0 0
0 50 0 50 0 0 0 0 2 550 2 550 0 0 0 0 0 0 0 0 0 0 0 0 0 0 0 0
0 0 0 0 0 0 0 0 0 0 0 0 0 0 0 0 0 0 0 0 0 0 0 0 0 0 0 0
0 0 0 0 0 0 0 0 0 0 0 0 0 0 0 0 0 0 0 0 0 0 0 0 0 0 0 0
0 0 0 0 0 0 0 0 0 0 0 0 0 0 0 0 0 0 0 0 0 0 0 0 0 0 0 0
0 0 0 0 0 0 0 0 0 0 0 0 0 0 0 0 0 0 0 0 0 0 0 0 0 0 0 0
0 0 0 0 0 0 0 0 0 0 0 0 0 0 0 0 0 0 0 0 0 0 0 0 0 0 0 0
0 0 0 0 0 0 0 0 0 0 0 0 0 0 0 0 0 0 0 0 0 0 0 0 0 0 0 0
0 0 0 0 0 0 0 0 0 0 0 0 0 0 0 0 0 0 0 0 0 0 0 0 0 0 0 0
0 0 0 0 0 0 0 0 0 0 0 0 0 0 0 0 0 0 0 0 0 0 0 0 0 0 0 0
0 0 0 0 0 0 0 0 0 0 0 0 0 0 0 0 0 0 0 0 0 0 0 0 0 0 0 0
0 0 0 0 0 0 0 0 0 0 0 0 0 0 0 0 0 0 0 0 0 0 0 0 0 0 0 0
0 0 0 0 0 0 0 0 0 0 0 0 0 0 0 0 0 0 0 0 0 0 0 0 0 0 0 0
0 0 0 0 0 0 0 0 0 0 0 0 0 0 0 0 0 0 0 0 0 0 0 0 0 0 0 0
0 53 0 53 0 0 0 0 2 581 2 581 0 0 0 0 0 0 0 0 0 0 0 0 0 0 0 0
1 231 1 231 0 0 0 0 6 1321 6 1321 0 0 0 23 0 0 0 5032 0 0 0 23 0 0 0 5032
1 231 1 231 0 0 0 0 6 1321 6 1321 0 0 0 23 0 0 0 5032 0 0 0 23 0 0 0 5032
1 231 1 231 0 0 0 0 6 1321 6 1321 0 0 0 23 0 0 0 5032 0 0 0 23 0 0 0 5032
1 304 1 304 0 0 0 0 6 1530 6 1530 0 0 0 35 0 0 15 7757 0 0 0 35 0 0 15 7757
1 304 1 304 0 0 0 0 6 1530 6 1530 0 0 0 35 0 0 15 7757 0 0 0 35 0 0 15 7757
1 250 1 250 0 0 0 0 6 1425 6 1425 0 0 0 26 0 0 0 6388 0 0 0 26 0 0 0 6388
0 72 0 72 0 0 0 0 3 793 3 793 0 0 0 0 0 0 0 0 0 0 0 0 0 0 0 0
0 72 0 72 0 0 0 0 3 793 3 793 0 0 0 0 0 0 0 0 0 0 0 0 0 0 0 0
0 72 0 72 0 0 0 0 3 793 3 793 0 0 0 0 0 0 0 0 0 0 0 0 0 0 0 0
0 0 0 0 0 0 0 0 0 0 0 0 0 0 0 0 0 0 0 0 0 0 0 0 0 0 0 0
0 144 0 144 0 0 0 0 3 1247 3 1247 0 0 0 0 0 0 0 0 0 0 0 0 0 0 0 0
0 144 0 144 0 0 0 0 3 1247 3 1247 0 0 0 0 0 0 0 0 0 0 0 0 0 0 0 0
0 144 0 144 0 0 0 0 3 1247 3 1247 0 0 0 0 0 0 0 0 0 0 0 0 0 0 0 0
0 144 0 144 0 0 0 0 3 1247 3 1247 0 0 0 0 0 0 0 0 0 0 0 0 0 0 0 0
0 144 0 144 0 0 0 0 3 1247 3 1247 0 0 0 0 0 0 0 0 0 0 0 0 0 0 0 0
0 144 0 144 0 0 0 0 3 1247 3 1247 0 0 0 0 0 0 0 0 0 0 0 0 0 0 0 0
0 144 0 144 0 0 0 0 4 1571 4 1571 0 0 0 0 0 0 0 0 0 0 0 0 0 0 0 0
0 144 0 144 0 0 0 0 4 1571 4 1571 0 0 0 0 0 0 0 0 0 0 0 0 0 0 0 0
0 144 0 144 0 0 0 0 4 1571 4 1571 0 0 0 0 0 0 0 0 0 0 0 0 0 0 0 0
0 144 0 144 0 0 0 0 4 1571 4 1571 0 0 0 0 0 0 0 0 0 0 0 0 0 0 0 0
0 144 0 144 0 0 0 0 4 1571 4 1571 0 0 0 0 0 0 0 0 0 0 0 0 0 0 0 0
0 144 0 144 0 0 0 0 4 1571 4 1571 0 0 0 0 0 0 0 0 0 0 0 0 0 0 0 0
0 90 0 90 0 0 0 0 3 989 3 989 0 0 0 0 0 0 0 0 0 0 0 0 0 0 0 0
0 90 0 90 0 0 0 0 3 989 3 989 0 0 0 0 0 0 0 0 0 0 0 0 0 0 0 0
0 90 0 90 0 0 0 0 3 989 3 989 0 0 0 0 0 0 0 0 0 0 0 0 0 0 0 0
0 90 0 90 0 0 0 0 3 989 3 989 0 0 0 0 0 0 0 0 0 0 0 0 0 0 0 0
0 90 0 90 0 0 0 0 3 989 3 989 0 0 0 0 0 0 0 0 0 0 0 0 0 0 0 0
0 164 0 164 0 0 0 0 4 1155 4 1155 0 0 0 5 0 0 0 1734 0 0 0 5 0 0 0 1734
0 74 0 74 0 0 0 0 3 607 3 607 0 0 0 0 0 0 0 0 0 0 0 0 0 0 0 0
0 74 0 74 0 0 0 0 3 607 3 607 0 0 0 0 0 0 0 0 0 0 0 0 0 0 0 0
0 74 0 74 0 0 0 0 3 607 3 607 0 0 0 0 0 0 0 0 0 0 0 0 0 0 0 0
0 74 0 74 0 0 0 0 3 607 3 607 0 0 0 0 0 0 0 0 0 0 0 0 0 0 0 0
0 74 0 74 0 0 0 0 3 607 3 607 0 0 0 0 0 0 0 0 0 0 0 0 0 0 0 0
0 0 0 0 0 0 0 0 0 0 0 0 0 0 0 0 0 0 0 0 0 0 0 0 0 0 0 0
0 72 0 72 0 0 0 0 2 557 2 557 0 0 0 0 0 0 0 0 0 0 0 0 0 0 0 0
0 72 0 72 0 0 0 0 2 557 2 557 0 0 0 0 0 0 0 0 0 0 0 0 0 0 0 0
0 72 0 72 0 0 0 0 2 557 2 557 0 0 0 0 0 0 0 0 0 0 0 0 0 0 0 0
0 72 0 72 0 0 0 0 2 557 2 557 0 0 0 0 0 0 0 0 0 0 0 0 0 0 0 0
0 72 0 72 0 0 0 0 2 557 2 557 0 0 0 0 0 0 0 0 0 0 0 0 0 0 0 0
0 181 0 181 0 0 0 0 4 1308 4 1308 0 0 0 10 0 0 0 2463 0 0 0 10 0 0 0 2463
0 109 0 109 0 0 0 0 3 1189 3 1189 0 0 0 0 0 0 0 0 0 0 0 0 0 0 0 0
0 189 0 189 0 0 0 0 5 1475 5 1475 0 0 0 0 0 0 0 0 0 0 0 0 0 0 0 0
0 189 0 189 0 0 0 0 5 1475 5 1475 0 0 0 0 0 0 0 0 0 0 0 0 0 0 0 0
0 189 0 189 0 0 0 0 5 1475 5 1475 0 0 0 0 0 0 0 0 0 0 0 0 0 0 0 0
0 189 0 189 0 0 0 0 5 1475 5 1475 0 0 0 0 0 0 0 0 0 0 0 0 0 0 0 0
0 199 0 199 0 0 0 0 5 1562 5 1562 0 0 0 0 0 0 0 0 0 0 0 0 0 0 0 0
0 199 0 199 0 0 0 0 5 1562 5 1562 0 0 0 0 0 0 0 0 0 0 0 0 0 0 0 0
0 118 0 118 0 0 0 0 4 1297 4 1297 0 0 0 0 0 0 0 0 0 0 0 0 0 0 0 0
0 118 0 118 0 0 0 0 4 1297 4 1297 0 0 0 0 0 0 0 0 0 0 0 0 0 0 0 0
0 118 0 118 0 0 0 0 4 1297 4 1297 0 0 0 0 0 0 0 0 0 0 0 0 0 0 0 0
0 118 0 118 0 0 0 0 4 1297 4 1297 0 0 0 0 0 0 0 0 0 0 0 0 0 0 0 0
0 0 0 0 0 0 0 0 0 0 0 0 0 0 0 0 0 0 0 0 0 0 0 0 0 0 0 0
0 0 0 0 0 0 0 0 0 0 0 0 0 0 0 0 0 0 0 0 0 0 0 0 0 0 0 0
0 72 0 72 0 0 0 0 3 793 3 793 0 0 0 0 0 0 0 0 0 0 0 0 0 0 0 0
0 72 0 72 0 0 0 0 3 793 3 793 0 0 0 0 0 0 0 0 0 0 0 0 0 0 0 0
0 72 0 72 0 0 0 0 3 793 3 793 0 0 0 0 0 0 0 0 0 0 0 0 0 0 0 0
0 72 0 72 0 0 0 0 3 793 3 793 0 0 0 0 0 0 0 0 0 0 0 0 0 0 0 0
0 72 0 72 0 0 0 0 3 793 3 793 0 0 0 0 0 0 0 0 0 0 0 0 0 0 0 0
0 72 0 72 0 0 0 0 3 793 3 793 0 0 0 0 0 0 0 0 0 0 0 0 0 0 0 0
0 50 0 50 0 0 0 0 2 550 2 550 0 0 0 0 0 0 0 0 0 0 0 0 0 0 0 0
0 50 0 50 0 0 0 0 2 550 2 550 0 0 0 0 0 0 0 0 0 0 0 0 0 0 0 0
0 50 0 50 0 0 0 0 2 550 2 550 0 0 0 0 0 0 0 0 0 0 0 0 0 0 0 0
0 50 0 50 0 0 0 0 2 550 2 550 0 0 0 0 0 0 0 0 0 0 0 0 0 0 0 0
0 103 0 103 0 0 0 0 4 797 4 797 0 0 0 0 0 0 0 0 0 0 0 0 0 0 0 0
1 327 1 327 0 0 0 0 6 1853 6 1853 0 0 0 29 0 0 0 5726 0 0 0 29 0 0 0 5726
1 277 1 277 0 0 0 0 5 1778 5 1778 0 0 0 23 0 0 0 4837 0 0 0 23 0 0 0 4837
1 277 1 277 0 0 0 0 5 1778 5 1778 0 0 0 23 0 0 0 4837 0 0 0 23 0 0 0 4837
1 277 1 277 0 0 0 0 5 1778 5 1778 0 0 0 23 0 0 0 4837 0 0 0 23 0 0 0 4837
1 277 1 277 0 0 0 0 5 1778 5 1778 0 0 0 23 0 0 0 4837 0 0 0 23 0 0 0 4837
0 223 0 223 0 0 0 0 5 1687 5 1687 0 0 0 12 0 0 0 2639 0 0 0 12 0 0 0 2639
0 0 0 0 0 0 0 0 0 0 0 0 0 0 0 0 0 0 0 0 0 0 0 0 0 0 0 0
0 90 0 90 0 0 0 0 3 989 3 989 0 0 0 0 0 0 0 0 0 0 0 0 0 0 0 0
0 90 0 90 0 0 0 0 3 989 3 989 0 0 0 0 0 0 0 0 0 0 0 0 0 0 0 0
0 90 0 90 0 0 0 0 3 989 3 989 0 0 0 0 0 0 0 0 0 0 0 0 0 0 0 0
0 90 0 90 0 0 0 0 3 989 3 989 0 0 0 0 0 0 0 0 0 0 0 0 0 0 0 0
0 163 0 163 0 0 0 0 5 1263 5 1263 0 0 0 0 0 0 0 0 0 0 0 0 0 0 0 0
1 263 1 263 0 0 0 0 6 1657 6 1657 0 0 0 24 0 0 0 5415 0 0 0 24 0 0 0 5415
0 172 0 172 0 0 0 0 5 1341 5 1341 0 0 0 0 0 0 0 0 0 0 0 0 0 0 0 0
0 172 0 172 0 0 0 0 5 1341 5 1341 0 0 0 0 0 0 0 0 0 0 0 0 0 0 0 0
0 172 0 172 0 0 0 0 5 1341 5 1341 0 0 0 0 0 0 0 0 0 0 0 0 0 0 0 0
0 172 0 172 0 0 0 0 5 1341 5 1341 0 0 0 0 0 0 0 0 0 0 0 0 0 0 0 0
0 99 0 99 0 0 0 0 3 1087 3 1087 0 0 0 0 0 0 0 0 0 0 0 0 0 0 0 0
0 0 0 0 0 0 0 0 0 0 0 0 0 0 0 0 0 0 0 0 0 0 0 0 0 0 0 0
0 144 0 144 0 0 0 0 4 1571 4 1571 0 0 0 0 0 0 0 0 0 0 0 0 0 0 0 0
0 289 0 289 0 0 0 0 5 2009 5 2009 0 0 0 10 0 0 0 2463 0 0 0 10 0 0 0 2463
0 289 0 289 0 0 0 0 5 2009 5 2009 0 0 0 10 0 0 0 2463 0 0 0 10 0 0 0 2463
0 289 0 289 0 0 0 0 5 2009 5 2009 0 0 0 10 0 0 0 2463 0 0 0 10 0 0 0 2463
0 289 0 289 0 0 0 0 5 2009 5 2009 0 0 0 10 0 0 0 2463 0 0 0 10 0 0 0 2463
0 289 0 289 0 0 0 0 5 2009 5 2009 0 0 0 10 0 0 0 2463 0 0 0 10 0 0 0 2463
0 144 0 144 0 0 0 0 3 1269 3 1269 0 0 0 0 0 0 0 0 0 0 0 0 0 0 0 0
0 0 0 0 0 0 0 0 0 0 0 0 0 0 0 0 0 0 0 0 0 0 0 0 0 0 0 0
0 0 0 0 0 0 0 0 0 0 0 0 0 0 0 0 0 0 0 0 0 0 0 0 0 0 0 0
0 0 0 0 0 0 0 0 0 0 0 0 0 0 0 0 0 0 0 0 0 0 0 0 0 0 0 0
0 0 0 0 0 0 0 0 0 0 0 0 0 0 0 0 0 0 0 0 0 0 0 0 0 0 0 0
0 90 0 90 0 0 0 0 3 984 3 984 0 0 0 0 0 0 0 0 0 0 0 0 0 0 0 0
0 189 0 189 0 0 0 0 4 1249 4 1249 0 0 0 13 0 0 0 2999 0 0 0 13 0 0 0 2999
0 189 0 189 0 0 0 0 4 1249 4 1249 0 0 0 13 0 0 0 2999 0 0 0 13 0 0 0 2999
0 240 0 240 0 0 0 0 5 1357 5 1357 0 0 0 21 0 0 0 5591 0 0 0 21 0 0 0 5591
0 240 0 240 0 0 0 0 5 1357 5 1357 0 0 0 21 0 0 0 5591 0 0 0 21 0 0 0 5591
0 240 0 240 0 0 0 0 5 1357 5 1357 0 0 0 21 0 0 0 5591 0 0 0 21 0 0 0 5591
0 150 0 150 0 0 0 0 4 949 4 949 0 0 0 13 0 0 0 2999 0 0 0 13 0 0 0 2999
0 50 0 50 0 0 0 0 2 550 2 550 0 0 0 0 0 0 0 0 0 0 0 0 0 0 0 0
0 50 0 50 0 0 0 0 2 550 2 550 0 0 0 0 0 0 0 0 0 0 0 0 0 0 0 0
0 0 0 0 0 0 0 0 0 0 0 0 0 0 0 0 0 0 0 0 0 0 0 0 0 0 0 0
0 0 0 0 0 0 0 0 0 0 0 0 0 0 0 0 0 0 0 0 0 0 0 0 0 0 0 0
0 0 0 0 0 0 0 0 0 0 0 0 0 0 0 0 0 0 0 0 0 0 0 0 0 0 0 0
0 0 0 0 0 0 0 0 0 0 0 0 0 0 0 0 0 0 0 0 0 0 0 0 0 0 0 0
0 0 0 0 0 0 0 0 0 0 0 0 0 0 0 0 0 0 0 0 0 0 0 0 0 0 0 0
0 0 0 0 0 0 0 0 0 0 0 0 0 0 0 0 0 0 0 0 0 0 0 0 0 0 0 0
0 0 0 0 0 0 0 0 0 0 0 0 0 0 0 0 0 0 0 0 0 0 0 0 0 0 0 0
0 0 0 0 0 0 0 0 0 0 0 0 0 0 0 0 0 0 0 0 0 0 0 0 0 0 0 0
0 0 0 0 0 0 0 0 0 0 0 0 0 0 0 0 0 0 0 0 0 0 0 0 0 0 0 0
0 0 0 0 0 0 0 0 0 0 0 0 0 0 0 0 0 0 0 0 0 0 0 0 0 0 0 0
0 0 0 0 0 0 0 0 0 0 0 0 0 0 0 0 0 0 0 0 0 0 0 0 0 0 0 0
0 0 0 0 0 0 0 0 0 0 0 0 0 0 0 0 0 0 0 0 0 0 0 0 0 0 0 0
0 0 0 0 0 0 0 0 0 0 0 0 0 0 0 0 0 0 0 0 0 0 0 0 0 0 0 0
0 0 0 0 0 0 0 0 0 0 0 0 0 0 0 0 0 0 0 0 0 0 0 0 0 0 0 0
0 0 0 0 0 0 0 0 0 0 0 0 0 0 0 0 0 0 0 0 0 0 0 0 0 0 0 0
0 0 0 0 0 0 0 0 0 0 0 0 0 0 0 0 0 0 0 0 0 0 0 0 0 0 0 0
0 0 0 0 0 0 0 0 0 0 0 0 0 0 0 0 0 0 0 0 0 0 0 0 0 0 0 0
0 0 0 0 0 0 0 0 0 0 0 0 0 0 0 0 0 0 0 0 0 0 0 0 0 0 0 0
0 0 0 0 0 0 0 0 0 0 0 0 0 0 0 0 0 0 0 0 0 0 0 0 0 0 0 0
0 0 0 0 0 0 0 0 0 0 0 0 0 0 0 0 0 0 0 0 0 0 0 0 0 0 0 0
0 0 0 0 0 0 0 0 0 0 0 0 0 0 0 0 0 0 0 0 0 0 0 0 0 0 0 0
1 304 1 304 0 0 0 0 7 1680 7 1680 0 0 0 36 0 0 0 7832 0 0 0 36 0 0 0 7832
1 304 1 304 0 0 0 0 7 1680 7 1680 0 0 0 36 0 0 0 7832 0 0 0 36 0 0 0 7832
1 377 1 377 0 0 0 0 8 1846 8 1846 0 0 0 38 0 0 5 8688 0 0 0 38 0 0 5 8688
1 377 1 377 0 0 0 0 8 1846 8 1846 0 0 0 38 0 0 5 8688 0 0 0 38 0 0 5 8688
2 487 2 487 0 0 0 0 8 2020 8 2020 0 0 21 38 0 0 5121 8688 0 0 21 38 0 0 5121 8688
2 487 2 487 0 0 0 0 8 2020 8 2020 0 0 21 38 0 0 5121 8688 0 0 21 38 0 0 5121 8688
0 182 0 182 0 0 0 0 4 1169 4 1169 0 0 0 13 0 0 0 3128 0 0 0 13 0 0 0 3128
1 273 1 273 0 0 0 0 5 1521 5 1521 0 0 0 23 0 0 0 6969 0 0 0 23 0 0 0 6969
0 200 0 200 0 0 0 0 4 1308 4 1308 0 0 0 13 0 0 0 3128 0 0 0 13 0 0 0 3128
1 344 1 344 0 0 0 0 6 2031 6 2031 0 0 0 23 0 0 0 6969 0 0 0 23 0 0 0 6969
0 234 0 234 0 0 0 0 5 1850 5 1850 0 0 0 0 0 0 0 0 0 0 0 0 0 0 0 0
0 234 0 234 0 0 0 0 5 1850 5 1850 0 0 0 0 0 0 0 0 0 0 0 0 0 0 0 0
0 234 0 234 0 0 0 0 5 1850 5 1850 0 0 0 0 0 0 0 0 0 0 0 0 0 0 0 0
0 144 0 144 0 0 0 0 4 1571 4 1571 0 0 0 0 0 0 0 0 0 0 0 0 0 0 0 0
0 144 0 144 0 0 0 0 4 1571 4 1571 0 0 0 0 0 0 0 0 0 0 0 0 0 0 0 0
0 0 0 0 0 0 0 0 0 0 0 0 0 0 0 0 0 0 0 0 0 0 0 0 0 0 0 0
0 81 0 81 0 0 0 0 3 887 3 887 0 0 0 0 0 0 0 0 0 0 0 0 0 0 0 0
0 81 0 81 0 0 0 0 3 887 3 887 0 0 0 0 0 0 0 0 0 0 0 0 0 0 0 0
0 154 0 154 0 0 0 0 4 1185 4 1185 0 0 0 0 0 0 0 0 0 0 0 0 0 0 0 0
0 154 0 154 0 0 0 0 4 1185 4 1185 0 0 0 0 0 0 0 0 0 0 0 0 0 0 0 0
0 154 0 154 0 0 0 0 4 1185 4 1185 0 0 0 0 0 0 0 0 0 0 0 0 0 0 0 0
0 154 0 154 0 0 0 0 4 1185 4 1185 0 0 0 0 0 0 0 0 0 0 0 0 0 0 0 0
0 72 0 72 0 0 0 0 3 793 3 793 0 0 0 0 0 0 0 0 0 0 0 0 0 0 0 0
0 147 0 147 0 0 0 0 5 1131 5 1131 0 0 0 0 0 0 0 0 0 0 0 0 0 0 0 0
0 74 0 74 0 0 0 0 3 812 3 812 0 0 0 0 0 0 0 0 0 0 0 0 0 0 0 0
0 218 0 218 0 0 0 0 5 1518 5 1518 0 0 0 7 0 0 0 2163 0 0 0 7 0 0 0 2163
0 218 0 218 0 0 0 0 5 1518 5 1518 0 0 0 7 0 0 0 2163 0 0 0 7 0 0 0 2163
0 218 0 218 0 0 0 0 5 1518 5 1518 0 0 0 7 0 0 0 2163 0 0 0 7 0 0 0 2163
0 218 0 218 0 0 0 0 5 1518 5 1518 0 0 0 7 0 0 0 2163 0 0 0 7 0 0 0 2163
0 261 0 261 0 0 0 0 5 1811 5 1811 0 0 0 7 0 0 0 2163 0 0 0 7 0 0 0 2163
0 261 0 261 0 0 0 0 5 1811 5 1811 0 0 0 7 0 0 0 2163 0 0 0 7 0 0 0 2163
0 117 0 117 0 0 0 0 3 1283 3 1283 0 0 0 0 0 0 0 0 0 0 0 0 0 0 0 0
0 117 0 117 0 0 0 0 3 1283 3 1283 0 0 0 0 0 0 0 0 0 0 0 0 0 0 0 0
0 117 0 117 0 0 0 0 3 1283 3 1283 0 0 0 0 0 0 0 0 0 0 0 0 0 0 0 0
0 117 0 117 0 0 0 0 3 1283 3 1283 0 0 0 0 0 0 0 0 0 0 0 0 0 0 0 0
0 0 0 0 0 0 0 0 0 0 0 0 0 0 0 0 0 0 0 0 0 0 0 0 0 0 0 0
